0.9133
0.9397
0.951
0.9574
0.9618
0.9629
0.9638
0.9658
0.9679
0.9702
0.9716
0.9714
0.9712
0.9722
0.9727
0.9731
0.9737
0.9747
0.9741
0.974
0.9755
0.9754
0.9762
0.9759
0.976
0.976
0.9757
0.9756
0.9757
0.9758
0.9759
0.9761
0.9762
0.9759
0.9758
0.9758
0.9755
0.9756
0.9758
0.9763
0.9758
0.9758
0.9759
0.9761
0.9761
0.9762
0.9761
0.9764
0.9765
0.9766
0.9766
0.9767
0.9766
0.9765
0.9765
0.9765
0.9767
0.9767
0.9768
0.9769
0.977
0.977
0.977
0.9771
0.9772
0.9772
0.9772
0.9773
0.9774
0.9775
0.9772
0.9772
0.9772
0.9772
0.9772
0.9772
0.9773
0.9773
0.9774
0.9773
0.9773
0.9773
0.9773
0.9773
0.9773
0.9773
0.9773
0.9773
0.9773
0.9774
0.9775
0.9775
0.9775
0.9775
0.9775
0.9775
0.9775
0.9775
0.9775
0.9775
