0.944
0.9621
0.9611
0.9642
0.9675
0.9695
0.9691
0.97
0.9722
0.9708
0.9729
0.9725
0.9734
0.9736
0.9739
0.9737
0.9732
0.9738
0.9747
0.975
0.9749
0.9752
0.9753
0.9753
0.9749
0.9749
0.9747
0.975
0.975
0.9753
0.9754
0.9756
0.9757
0.9758
0.9757
0.9761
0.9765
0.9764
0.9764
0.9763
0.9765
0.9765
0.9764
0.9762
0.9761
0.9755
0.976
0.9761
0.9761
0.9762
0.9763
0.9764
0.9764
0.9764
0.9764
0.9763
0.9763
0.9763
0.9762
0.9762
0.9762
0.9762
0.9762
0.9763
0.9763
0.9763
0.9763
0.9763
0.9763
0.9762
0.9762
0.9762
0.9761
0.976
0.976
0.976
0.976
0.976
0.9759
0.9759
0.976
0.976
0.976
0.976
0.976
0.9759
0.9759
0.9759
0.9759
0.9759
0.9759
0.9758
0.9758
0.9758
0.9758
0.9758
0.9758
0.9758
0.9758
0.9758
