0.8601
0.8844
0.8915
0.9193
0.9149
0.9199
0.9321
0.9371
0.9445
0.9508
0.9566
0.9575
0.9606
0.9612
0.9631
0.9643
0.9661
0.969
0.9695
0.9696
0.9721
0.9721
0.9728
0.9722
0.9734
0.9737
0.9729
0.9711
0.9729
0.9754
0.9763
0.975
0.9762
0.9768
0.9767
0.9767
0.9765
0.9765
0.9767
0.9757
0.9762
0.9761
0.976
0.9765
0.9765
0.9766
0.9765
0.9768
0.9769
0.9765
0.9771
0.9768
0.9771
0.9774
0.9772
0.9773
0.9777
0.978
0.9777
0.9782
0.978
0.9782
0.9786
0.9781
0.9785
0.9785
0.9787
0.9784
0.9785
0.9785
0.9783
0.9784
0.978
0.9783
0.9782
0.9787
0.9779
0.9784
0.9781
0.9786
0.978
0.9787
0.9783
0.9788
0.9784
0.979
0.9786
0.9791
0.9787
0.9792
0.9787
0.9792
0.979
0.9792
0.9788
0.9793
0.9791
0.9796
0.9793
0.98
