0.9101
0.9373
0.9515
0.9594
0.9649
0.9663
0.9684
0.9694
0.9705
0.9716
0.9725
0.9737
0.9738
0.9749
0.9756
0.9767
0.9771
0.9776
0.978
0.978
0.9783
0.9783
0.9784
0.9785
0.9785
0.9785
0.9784
0.9786
0.9787
0.9787
0.9786
0.9785
0.9785
0.9783
0.9784
0.9786
0.9785
0.9784
0.9786
0.9787
0.9787
0.9787
0.9787
0.979
0.9792
0.9793
0.9794
0.9793
0.9794
0.9794
0.9791
0.979
0.9789
0.9789
0.9789
0.9789
0.9789
0.9789
0.9789
0.9788
0.9788
0.9787
0.9787
0.9789
0.9789
0.9789
0.979
0.9789
0.979
0.979
0.9789
0.9789
0.979
0.979
0.979
0.979
0.9792
0.9793
0.9793
0.9794
0.9794
0.9795
0.9795
0.9795
0.9794
0.9794
0.9794
0.9793
0.9793
0.9793
0.9794
0.9794
0.9794
0.9794
0.9793
0.9794
0.9794
0.9794
0.9794
0.9794
