0.9404
0.957
0.9654
0.9672
0.9677
0.9689
0.973
0.9744
0.9747
0.9751
0.9763
0.9754
0.9756
0.9754
0.9772
0.9768
0.9771
0.9768
0.9771
0.9771
0.9775
0.9777
0.9778
0.9777
0.9777
0.9777
0.9776
0.9777
0.9779
0.978
0.9781
0.9783
0.9784
0.9783
0.9784
0.9784
0.9783
0.9785
0.9785
0.9785
0.9785
0.9785
0.9786
0.9786
0.9786
0.9786
0.9786
0.9786
0.9786
0.9788
0.9788
0.9788
0.9787
0.9787
0.9787
0.9788
0.9788
0.9789
0.979
0.979
0.979
0.979
0.9789
0.9789
0.9789
0.9789
0.9789
0.9788
0.9787
0.9787
0.9787
0.9788
0.9788
0.9788
0.9788
0.9788
0.9788
0.9788
0.9788
0.9788
0.9788
0.9788
0.9788
0.9788
0.9788
0.9788
0.9788
0.9788
0.9788
0.9788
0.9788
0.9788
0.9788
0.9787
0.9787
0.9787
0.9787
0.9787
0.9787
0.9786
