0.8957
0.9235
0.9382
0.9447
0.9483
0.9507
0.9533
0.9528
0.9528
0.9525
0.9529
0.9529
0.9528
0.9536
0.9534
0.9535
0.954
0.9542
0.9548
0.9545
0.9541
0.9541
0.9546
0.9553
0.9554
0.9557
0.9545
0.955
0.9546
0.9552
0.9541
0.9537
0.9545
0.9552
0.9541
0.9546
0.9549
0.9544
0.9529
0.9529
0.953
0.9536
0.9529
0.9531
0.9525
0.9534
0.9536
0.954
0.9535
0.9534
0.9531
0.955
0.9529
0.953
0.9533
0.9524
0.9524
0.9533
0.9516
0.9485
0.9524
0.9542
0.954
0.9523
0.9527
0.9527
0.9526
0.9527
0.9524
0.9526
0.9523
0.9526
0.953
0.9533
0.953
0.9532
0.9526
0.9524
0.9526
0.9524
0.9525
0.9522
0.9522
0.9521
0.9518
0.9518
0.9517
0.9516
0.9517
0.9515
0.9516
0.9519
0.952
0.952
0.9518
0.9522
0.9523
0.952
0.9517
0.9519
