0.9284
0.9519
0.9575
0.9569
0.9417
0.9586
0.9592
0.9581
0.9574
0.957
0.9574
0.9557
0.9535
0.9557
0.9555
0.9534
0.9437
0.9572
0.9576
0.9558
0.9534
0.9558
0.9527
0.9567
0.9536
0.9582
0.9547
0.9533
0.9555
0.9568
0.9565
0.957
0.9507
0.9571
0.9549
0.9578
0.9558
0.9568
0.956
0.9572
0.959
0.9585
0.959
0.9583
0.9586
0.9581
0.956
0.9555
0.957
0.9585
0.9584
0.9562
0.9599
0.9589
0.9593
0.9575
0.9577
0.9561
0.9569
0.9589
0.9604
0.9589
0.9593
0.9582
0.9591
0.9583
0.9555
0.9587
0.957
0.9593
0.9582
0.9552
0.9566
0.9593
0.959
0.9622
0.9579
0.9591
0.9595
0.9607
0.9611
0.9607
0.9605
0.9598
0.9602
0.9602
0.9602
0.9608
0.9612
0.9615
0.9602
0.96
0.9603
0.9604
0.9604
0.9603
0.9601
0.9608
0.9544
0.9534
