0.897
0.9302
0.9443
0.9582
0.9642
0.9658
0.9682
0.9695
0.971
0.9719
0.9732
0.9729
0.9732
0.9747
0.9756
0.9768
0.9783
0.9789
0.9794
0.9798
0.9791
0.9789
0.9791
0.979
0.9791
0.9792
0.9796
0.9797
0.9797
0.9801
0.9802
0.9803
0.9806
0.9806
0.9809
0.981
0.981
0.9812
0.9811
0.9811
0.9809
0.9808
0.9809
0.9809
0.9809
0.9807
0.9807
0.9807
0.9808
0.981
0.9809
0.9809
0.981
0.9809
0.9809
0.9809
0.9809
0.981
0.981
0.9811
0.9812
0.9812
0.9812
0.9814
0.9814
0.9815
0.9813
0.9814
0.9813
0.9813
0.9814
0.9814
0.9814
0.9814
0.9813
0.9813
0.9813
0.9813
0.9813
0.9813
0.9813
0.9814
0.9814
0.9814
0.9814
0.9814
0.9814
0.9813
0.9816
0.9816
0.9816
0.9816
0.9817
0.9817
0.9817
0.9816
0.9816
0.9817
0.9817
0.9817
