0.9244
0.9465
0.9652
0.9695
0.972
0.9742
0.9756
0.9755
0.9758
0.9775
0.9775
0.977
0.9768
0.9781
0.9785
0.979
0.9805
0.9809
0.9806
0.9811
0.981
0.9807
0.9807
0.9807
0.981
0.9805
0.9803
0.9805
0.9803
0.9807
0.978
0.9807
0.9805
0.9802
0.9802
0.9806
0.9803
0.9803
0.9805
0.9806
0.9806
0.9808
0.9807
0.9806
0.9806
0.9807
0.9807
0.9807
0.9808
0.9808
0.9808
0.9806
0.9806
0.9806
0.9806
0.9806
0.9805
0.9805
0.9805
0.9804
0.9806
0.9806
0.9806
0.9806
0.9806
0.9806
0.9806
0.9806
0.9805
0.9806
0.9806
0.9806
0.9806
0.9806
0.9806
0.9806
0.9806
0.9806
0.9805
0.9805
0.9805
0.9805
0.9806
0.9807
0.9807
0.9808
0.9808
0.9808
0.9808
0.9808
0.9808
0.9808
0.9808
0.9809
0.9809
0.9809
0.9809
0.9809
0.9809
0.9809
