15.30
14.75
15.30
14.75
15.30
14.75
15.30
14.75
15.30
14.75
15.30
14.75
15.30
14.75
16.35
16.80
17.50
17.95
18.05
18.60
18.65
18.75
19.45
19.60
21.65
22.00
24.10
23.15
24.80
24.65
25.85
25.45
25.15
25.75
25.35
25.45
25.25
25.95
25.45
25.70
26.35
26.00
25.90
25.80
25.55
26.60
26.45
27.55
27.80
26.70
25.75
26.15
26.60
26.70
26.80
27.45
26.40
27.15
26.35
27.35
27.25
26.75
28.00
28.15
27.95
27.40
27.75
29.80
30.20
30.30
31.00
29.95
29.20
29.90
29.20
29.20
30.00
29.90
28.75
29.80
30.25
30.15
30.60
30.15
30.65
30.30
31.15
30.60
31.20
29.95
32.20
32.20
31.75
31.50
32.15
32.15
31.75
32.95
31.50
33.80
32.90
34.55
33.25
33.00
35.30
33.75
34.45
35.00
35.85
33.60
36.55
33.45
35.95
34.30
36.90
33.45
36.65
36.55
37.15
34.95
37.20
34.85
37.65
35.60
38.10
35.65
38.25
36.25
36.55
37.35
37.55
37.95
38.65
37.05
37.75
39.85
37.75
40.15
38.70
40.95
38.90
40.45
41.35
39.65
38.95
40.45
42.50
41.60
42.25
43.25
41.40
43.05
43.45
41.25
44.25
42.40
44.60
43.40
45.55
43.40
43.20
46.80
45.05
46.00
46.35
47.55
45.55
45.00
47.75
45.35
48.50
45.00
49.30
46.50
48.60
46.65
49.85
47.60
49.10
49.70
50.05
48.50
50.65
49.60
52.35
49.30
51.05
51.35
45.70
49.65
50.95
52.55
50.00
50.90
52.60
51.30
53.20
50.40
52.75
53.90
52.20
53.25
53.20
54.25
52.65
54.55
52.80
52.95
54.95
52.50
54.35
54.20
55.85
54.35
54.75
55.60
54.90
55.35
53.70
54.95
54.65
56.25
54.30
56.60
54.25
54.45
55.95
53.95
55.20
56.65
55.10
56.65
55.50
55.25
55.40
54.90
56.85
55.45
57.55
55.05
55.20
57.05
54.55
56.40
57.05
53.30
55.85
56.80
57.35
54.95
58.20
56.40
57.45
58.55
56.75
57.50
58.75
57.30
59.10
57.45
58.10
58.00
57.45
58.70
57.30
55.20
59.00
57.15
59.55
58.35
58.25
56.95
59.05
59.50
59.00
59.30
58.40
57.35
58.75
56.95
59.30
59.80
60.25
59.50
59.35
59.25
58.95
60.60
59.75
59.00
60.45
60.35
58.75
61.40
61.30
60.40
59.55
61.05
60.00
60.05
60.80
58.70
61.60
60.85
60.00
60.30
62.45
61.00
58.95
59.95
59.60
59.00
61.30
62.15
59.75
60.90
59.80
60.45
59.65
61.20
59.10
61.65
62.50
62.10
62.20
62.30
61.25
60.65
61.75
62.50
62.20
62.60
62.90
61.20
62.50
62.40
60.15
61.95
61.15
60.15
62.30
62.10
62.45
63.40
63.20
64.95
63.60
64.25
60.95
62.75
62.35
63.45
63.40
63.00
61.65
62.50
62.65
63.45
62.15
61.65
63.10
63.60
60.55
62.70
62.30
64.25
63.80
63.60
61.90
62.25
63.35
64.60
62.15
60.85
61.35
64.15
64.65
63.95
64.60
63.45
63.55
64.40
63.75
64.85
62.35
63.25
61.55
64.35
65.40
64.90
65.05
64.10
59.00
64.80
64.30
65.05
65.45
64.95
62.85
65.50
65.00
63.60
67.10
66.05
63.50
63.25
66.35
65.35
64.50
64.00
65.60
60.95
64.35
66.05
65.35
65.80
62.55
63.15
65.90
63.95
65.90
65.70
66.95
65.95
64.80
66.80
65.40
64.75
67.15
67.20
65.25
64.30
66.10
66.20
64.50
65.25
64.35
66.40
61.15
66.65
67.10
67.50
66.85
65.70
67.50
68.05
65.40
62.80
63.35
68.10
67.50
65.95
68.40
68.20
66.15
57.65
67.50
68.05
66.30
67.50
66.35
68.70
67.30
66.30
67.20
67.50
67.30
68.00
69.00
68.75
67.50
68.10
68.40
68.60
67.55
63.40
67.20
68.85
62.80
66.95
64.25
67.55
67.95
68.60
63.30
69.00
67.65
65.40
68.40
67.85
69.15
68.40
68.40
62.95
69.00
67.65
68.25
68.10
68.80
69.30
69.45
64.00
68.35
67.55
68.70
68.70
64.25
67.70
65.15
68.20
62.20
69.65
69.35
68.60
68.65
69.00
66.25
69.95
70.45
64.70
61.85
69.45
68.75
69.65
67.95
69.35
68.45
70.00
70.20
68.75
69.15
69.20
63.65
68.50
69.50
69.10
68.75
49.65
67.70
69.80
64.30
59.75
69.80
69.95
68.15
66.80
68.05
70.15
70.00
70.15
70.60
68.20
69.75
69.15
69.70
68.30
70.15
70.45
66.05
65.65
70.80
70.55
65.80
69.15
69.25
70.10
70.50
70.25
68.55
69.30
70.60
70.30
70.50
69.95
68.15
69.20
64.75
70.50
66.95
70.00
64.90
70.45
70.55
65.75
69.15
69.95
67.45
67.55
69.40
70.35
70.85
70.95
69.50
61.75
69.90
69.60
64.15
67.40
69.15
70.85
71.15
69.95
69.40
71.30
70.85
69.00
67.85
67.10
68.30
69.40
68.05
68.25
70.35
68.60
70.05
68.90
69.85
69.75
67.00
69.70
70.10
70.60
71.45
72.25
72.05
71.30
71.25
66.25
68.80
71.30
72.75
71.90
71.40
71.65
70.50
70.30
70.75
72.80
71.95
69.75
71.75
71.05
66.90
64.85
71.50
71.75
71.25
58.65
70.85
71.15
72.55
70.85
68.45
72.45
71.60
71.50
72.75
70.75
70.95
71.75
71.40
67.10
71.35
70.75
72.10
66.55
69.15
70.80
72.70
72.05
67.75
71.40
59.75
72.20
72.10
71.40
65.40
70.55
71.85
69.60
71.35
65.45
72.50
71.50
64.40
71.80
72.15
73.20
71.85
71.40
68.80
71.20
71.20
72.40
72.60
72.15
72.30
69.45
73.15
73.30
73.30
70.40
67.60
72.20
71.40
71.60
73.00
68.75
72.40
68.05
72.00
70.90
71.95
73.00
71.75
74.30
73.35
72.75
65.40
71.35
73.70
69.05
74.25
70.20
73.90
70.85
72.55
72.85
73.35
73.00
73.75
73.15
68.15
72.95
68.35
65.65
74.40
72.95
71.15
69.55
70.75
73.15
71.80
73.30
74.05
72.65
69.40
69.65
72.85
72.75
72.35
73.85
73.25
72.20
73.40
73.60
71.15
72.05
72.15
72.95
73.85
70.15
74.35
72.45
65.95
75.10
74.35
73.75
68.20
74.00
72.75
73.75
72.00
71.80
70.15
72.75
73.15
73.15
73.75
69.15
73.95
72.95
72.35
73.05
72.55
73.45
68.00
72.40
73.05
72.70
73.80
73.65
71.85
73.55
73.75
73.60
71.25
70.45
71.65
71.30
64.05
73.70
65.20
72.75
73.15
74.45
69.45
73.60
74.95
72.20
73.70
73.20
72.85
70.00
73.95
71.70
74.45
73.50
68.40
73.85
74.45
73.70
74.70
74.35
73.75
72.25
69.95
73.90
70.25
73.15
74.20
74.05
72.60
73.35
73.40
74.15
73.65
69.95
75.20
74.20
72.95
70.85
72.10
73.75
73.70
75.00
73.35
73.90
74.50
74.35
74.10
75.75
75.05
75.15
73.55
75.65
73.85
72.45
74.50
73.30
71.40
74.15
71.80
74.75
74.40
73.00
70.85
70.05
72.70
74.00
75.55
74.25
74.35
75.75
76.15
74.95
72.40
75.95
75.05
75.45
75.90
75.60
73.50
74.10
74.45
74.15
75.35
60.40
74.90
75.55
73.95
74.75
73.85
72.35
74.40
72.85
74.60
74.60
74.50
73.50
75.50
72.90
73.95
75.30
73.95
75.40
75.15
72.35
75.15
71.95
74.65
72.60
74.10
75.35
76.00
75.10
75.05
74.85
75.05
64.20
75.70
73.95
75.55
74.25
73.90
75.30
72.95
76.15
75.65
75.55
74.20
74.20
75.00
64.70
75.10
75.40
74.95
74.90
76.10
75.90
74.25
73.15
74.10
75.10
74.75
74.65
73.10
75.95
75.60
75.10
73.70
69.40
75.80
73.80
76.10
70.15
75.50
75.45
73.45
71.55
72.95
76.45
75.30
74.75
75.25
74.75
77.20
76.40
74.25
74.90
75.55
74.95
77.00
76.30
75.25
76.40
73.95
75.95
75.40
76.35
75.50
74.30
75.35
75.55
77.55
76.55
72.20
74.95
76.45
75.90
68.55
76.25
74.75
76.25
75.55
75.85
73.80
76.30
74.25
74.10
75.20
74.20
75.55
75.75
74.90
73.70
73.85
76.15
76.70
76.00
74.80
76.35
75.25
76.90
73.30
75.70
75.05
76.50
76.20
73.35
76.65
72.70
74.85
74.40
76.45
77.00
76.40
70.65
76.05
74.90
74.75
74.15
75.70
73.00
75.20
75.85
74.75
76.30
76.40
77.20
75.40
72.70
76.85
75.85
76.10
75.50
77.15
67.65
75.85
71.85
76.15
76.30
76.50
74.80
76.45
74.90
77.90
77.30
76.95
68.00
77.40
73.15
75.10
76.45
76.15
74.95
75.50
75.50
73.90
76.95
75.50
77.55
77.35
74.45
73.50
76.05
77.50
77.85
76.95
76.70
74.15
70.35
72.65
76.10
76.00
72.30
74.70
77.35
76.80
77.85
75.15
74.30
76.20
77.80
76.30
76.30
77.35
76.15
71.95
76.40
74.45
75.05
71.85
75.30
76.40
76.20
75.10
77.65
75.10
76.85
75.00
77.15
75.25
77.65
75.70
66.55
75.15
74.95
77.35
76.20
77.80
75.60
78.85
79.50
75.05
78.20
75.75
75.30
71.95
76.10
76.25
77.00
76.95
77.15
78.05
76.75
75.20
77.30
77.20
76.75
77.65
78.65
71.40
76.75
74.60
74.85
76.50
78.40
76.80
76.30
75.45
74.50
75.20
72.75
73.45
78.25
77.55
76.80
75.50
77.90
78.25
76.85
78.90
77.60
78.50
75.70
77.40
74.70
76.10
70.95
77.05
78.30
74.40
77.00
76.00
78.75
77.60
79.40
79.50
76.85
76.85
76.35
78.45
77.50
76.65
77.80
77.85
76.70
77.45
76.75
75.75
78.75
77.15
79.00
74.25
76.55
79.85
80.40
79.25
77.30
76.65
75.85
75.60
78.75
78.45
76.60
77.15
77.65
75.50
75.80
77.70
65.05
79.30
75.65
77.40
77.35
78.90
73.95
74.70
74.25
77.50
74.55
78.20
75.85
76.75
70.70
76.50
79.55
78.05
77.35
77.85
76.70
77.90
77.85
77.65
78.10
79.00
77.15
73.75
75.60
78.80
76.80
78.90
77.65
77.85
75.65
76.40
80.00
79.40
77.80
77.40
79.35
78.60
77.15
78.15
79.05
77.90
74.80
78.35
74.90
78.35
76.25
78.40
77.70
77.15
79.05
75.25
77.30
77.65
77.70
78.60
76.60
77.85
77.25
78.20
76.45
78.95
78.20
78.40
77.75
78.50
79.60
79.90
78.55
77.15
73.65
79.95
78.20
77.95
77.55
80.30
79.60
77.90
76.60
77.85
77.05
77.25
79.25
78.75
76.85
62.65
76.10
79.95
79.70
78.35
79.65
73.85
78.75
78.00
78.70
78.45
75.10
79.85
75.15
76.30
80.05
79.05
78.85
80.25
77.30
75.80
76.30
78.15
75.65
78.35
79.35
78.60
78.15
80.15
78.10
79.25
80.10
79.50
78.10
78.45
79.50
74.65
79.40
75.25
79.10
80.00
68.25
78.60
76.70
78.40
79.15
77.75
77.30
79.90
78.40
79.55
79.10
77.05
78.35
78.05
76.65
77.25
78.40
79.55
78.90
78.55
76.15
75.95
79.45
73.75
78.55
76.50
79.05
76.60
79.00
78.10
74.95
78.25
79.85
78.95
77.40
78.45
80.05
78.50
79.50
74.75
77.25
78.75
78.80
75.70
77.80
79.50
77.70
80.25
79.20
78.55
79.75
74.30
78.10
80.30
79.30
77.10
80.15
78.75
77.10
79.15
78.20
78.10
79.95
67.65
78.95
79.55
78.75
80.35
79.40
80.20
80.25
80.60
80.30
79.90
77.90
79.65
78.90
72.95
78.90
80.35
77.70
78.30
78.85
78.00
75.20
77.35
81.05
80.40
79.95
78.55
77.85
79.15
79.45
80.00
76.65
79.55
74.65
77.20
70.05
78.25
78.85
73.80
77.45
79.35
79.55
79.75
76.05
77.95
79.30
78.00
76.75
79.40
80.55
76.80
79.10
79.10
79.00
79.90
78.75
78.70
74.30
79.45
79.05
77.95
77.70
80.60
79.05
80.50
77.00
79.25
74.95
77.80
79.40
80.20
80.10
79.20
80.05
80.60
76.50
79.50
80.25
80.80
78.80
78.00
79.35
80.65
80.30
79.75
78.15
80.10
80.35
71.15
80.40
61.65
78.25
80.15
78.65
78.35
74.05
80.90
79.80
76.05
79.25
80.45
79.45
78.85
75.10
78.65
65.90
78.45
80.70
78.35
79.70
81.35
80.55
76.65
80.15
78.75
79.35
77.90
78.50
80.35
80.45
77.05
79.10
80.55
75.10
80.55
79.05
78.95
79.95
78.70
79.85
80.70
80.55
79.35
79.00
81.15
80.55
81.70
80.80
80.00
79.20
80.45
79.55
80.45
78.20
80.20
79.85
79.60
79.05
78.75
79.95
78.60
80.30
80.65
79.30
79.90
80.60
79.25
80.75
80.85
79.90
79.75
80.15
78.30
81.00
80.90
79.40
81.05
80.00
71.45
79.70
80.05
79.60
80.85
79.50
80.35
79.10
74.90
77.50
78.10
80.45
80.05
79.65
79.85
76.55
80.05
80.20
80.25
78.10
79.10
80.00
78.45
78.30
79.45
81.25
80.40
79.35
78.30
80.50
78.00
79.95
79.25
80.45
76.55
80.30
77.20
80.60
79.30
77.65
79.60
77.25
78.85
79.65
78.90
79.60
78.65
79.45
81.20
79.90
79.15
79.60
80.55
80.30
71.45
77.70
77.05
80.25
78.35
76.85
79.80
77.45
80.00
76.05
79.45
78.55
80.95
80.35
80.80
79.55
79.60
80.65
81.55
78.85
80.75
79.60
74.90
77.50
73.15
79.15
79.75
80.95
80.60
79.90
80.15
79.30
80.45
80.70
80.55
79.05
79.65
80.20
80.65
79.80
80.50
81.15
78.95
80.60
80.65
79.50
78.40
80.25
79.45
80.10
80.90
75.65
80.15
80.05
79.60
78.15
80.40
78.10
80.35
81.10
80.65
75.00
79.70
81.05
79.80
80.85
81.15
76.25
71.70
78.15
81.45
69.05
79.70
79.95
78.85
81.85
82.25
80.90
80.50
81.35
80.15
77.80
81.20
80.45
80.15
81.30
80.35
78.90
80.60
80.30
79.65
79.95
79.25
77.55
80.10
80.10
80.40
79.55
80.15
79.05
80.65
80.10
80.50
79.05
80.55
78.95
79.00
79.80
80.60
80.95
79.25
80.85
79.45
79.90
81.10
80.50
80.65
81.00
80.05
78.15
77.30
79.85
78.50
79.60
77.65
80.15
79.75
80.65
79.60
80.05
74.80
79.95
79.00
79.75
79.50
81.30
79.30
79.80
80.70
77.65
80.15
73.10
79.50
81.30
80.40
77.90
80.95
77.65
80.75
81.45
79.50
80.90
\n"
